+51904462034
+51970281300
+51934403900
+51988743955
+51979353409
+51965144253
+51912668865
+51912953017
+51949438721
+51914147324
+51970616795
+51914430176
+51948232321
+51965764370
+51958848926
+51964618295
+51995193712
+51902233951
+51957600059
+51953048988
+51910605701
+51970774525
+51922889418
+51933445851
+51923877091
+51963044304
+51906229271
+51933664470
+51917009883
+51984113871
+51950332783
+51987786824
+51949729319
+51934897587
+51952137608
+51934269233
+51964269487
+51981098052
+51902027402
+51970425478
+51948428156
+51922271651
+51964463006
+51904066621
+51992594145
+51928193119
+51902747144
+51985183639
+51939707023
+51929077605
+51936469739
+51934165400
+51958188821
+51991880233

